name: text_gcn
channels:
  - conda-forge
  - defaults
dependencies:
  - _libgcc_mutex=0.1=conda_forge
  - _openmp_mutex=4.5=2_gnu
  - alsa-lib=1.2.7.2=h166bdaf_0
  - bleach=1.5.0=py36_0
  - ca-certificates=2022.6.15.2=ha878542_0
  - certifi=2021.5.30=py36h5fab9bb_0
  - cycler=0.11.0=pyhd8ed1ab_0
  - dataclasses=0.8=pyh787bdff_2
  - dbus=1.13.6=h5008d03_3
  - decorator=4.4.2=py_0
  - expat=2.4.8=h27087fc_0
  - font-ttf-dejavu-sans-mono=2.37=hab24e00_0
  - font-ttf-inconsolata=3.000=h77eed37_0
  - font-ttf-source-code-pro=2.038=h77eed37_0
  - font-ttf-ubuntu=0.83=hab24e00_0
  - fontconfig=2.14.0=hc2a2eb6_1
  - fonts-conda-ecosystem=1=0
  - fonts-conda-forge=1=0
  - freetype=2.12.1=hca18f0e_0
  - gettext=0.19.8.1=h73d1719_1008
  - glib=2.72.1=h6239696_0
  - glib-tools=2.72.1=h6239696_0
  - gst-plugins-base=1.20.3=h57caac4_1
  - gstreamer=1.20.3=hd4edc92_1
  - html5lib=0.9999999=py36_0
  - icu=69.1=h9c3ff4c_0
  - importlib-metadata=4.8.1=py36h5fab9bb_0
  - joblib=1.1.0=pyhd8ed1ab_0
  - jpeg=9e=h166bdaf_2
  - keyutils=1.6.1=h166bdaf_0
  - kiwisolver=1.3.1=py36h605e78d_1
  - krb5=1.19.3=h3790be6_0
  - lcms2=2.12=hddcbb42_0
  - ld_impl_linux-64=2.36.1=hea4e1c9_2
  - lerc=3.0=h9c3ff4c_0
  - libblas=3.9.0=16_linux64_openblas
  - libcblas=3.9.0=16_linux64_openblas
  - libclang=13.0.1=default_hc23dcda_0
  - libdeflate=1.10=h7f98852_0
  - libedit=3.1.20191231=he28a2e2_2
  - libevent=2.1.10=h9b69904_4
  - libffi=3.4.2=h7f98852_5
  - libgcc-ng=12.1.0=h8d9b700_16
  - libgfortran-ng=12.1.0=h69a702a_16
  - libgfortran5=12.1.0=hdcd56e2_16
  - libglib=2.72.1=h2d90d5f_0
  - libgomp=12.1.0=h8d9b700_16
  - libiconv=1.16=h516909a_0
  - liblapack=3.9.0=16_linux64_openblas
  - libllvm13=13.0.1=hf817b99_2
  - libnsl=2.0.0=h7f98852_0
  - libogg=1.3.4=h7f98852_1
  - libopenblas=0.3.21=pthreads_h78a6416_3
  - libopus=1.3.1=h7f98852_1
  - libpng=1.6.37=h753d276_4
  - libpq=14.5=hd77ab85_0
  - libprotobuf=3.18.0=h780b84a_1
  - libsqlite=3.39.3=h753d276_0
  - libstdcxx-ng=12.1.0=ha89aaad_16
  - libtiff=4.3.0=h0fcbabc_4
  - libuuid=2.32.1=h7f98852_1000
  - libvorbis=1.3.7=h9c3ff4c_0
  - libwebp-base=1.2.4=h166bdaf_0
  - libxcb=1.13=h7f98852_1004
  - libxkbcommon=1.0.3=he3ba5ed_0
  - libxml2=2.9.12=h885dcf4_1
  - libzlib=1.2.12=h166bdaf_2
  - markdown=3.4.1=pyhd8ed1ab_0
  - matplotlib=3.3.4=py36h5fab9bb_0
  - matplotlib-base=3.3.4=py36hd391965_0
  - mysql-common=8.0.30=haf5c9bc_1
  - mysql-libs=8.0.30=h28c427c_1
  - ncurses=6.3=h27087fc_1
  - networkx=2.5.1=pyhd8ed1ab_0
  - nltk=3.2.4=py36_0
  - nspr=4.32=h9c3ff4c_1
  - nss=3.78=h2350873_0
  - numpy=1.19.5=py36hfc0c790_2
  - olefile=0.46=pyh9f0ad1d_1
  - openjpeg=2.4.0=hb52868f_1
  - openssl=1.1.1q=h166bdaf_0
  - pandas=1.1.5=py36h284efc9_0
  - pcre=8.45=h9c3ff4c_0
  - pillow=8.3.2=py36h676a545_0
  - pip=21.2.4=pyhd8ed1ab_0
  - protobuf=3.18.0=py36hc4f0c31_0
  - pthread-stubs=0.4=h36c2ea0_1001
  - pyparsing=3.0.9=pyhd8ed1ab_0
  - pyqt=5.12.3=py36haa643ae_4
  - python=3.6.15=hb7a2778_0_cpython
  - python-dateutil=2.8.2=pyhd8ed1ab_0
  - python_abi=3.6=2_cp36m
  - pytz=2022.2.1=pyhd8ed1ab_0
  - qt=5.12.9=h1304e3e_6
  - readline=8.1.2=h0f457ee_0
  - scikit-learn=0.23.2=py36hb6e6923_3
  - scipy=1.5.3=py36h81d768a_1
  - setuptools=49.6.0=py36h5fab9bb_3
  - six=1.16.0=pyh6c4a22f_0
  - sqlite=3.39.3=h4ff8645_0
  - tensorboard=0.4.0rc3=py36_2
  - tensorflow=1.4.0=py36_0
  - threadpoolctl=3.1.0=pyh8a188c0_0
  - tk=8.6.12=h27826a3_0
  - tornado=6.1=py36h8f6f2f9_1
  - typing_extensions=4.1.1=pyha770c72_0
  - webencodings=0.5.1=py_1
  - werkzeug=2.0.2=pyhd8ed1ab_0
  - wheel=0.37.1=pyhd8ed1ab_0
  - xorg-libxau=1.0.9=h7f98852_0
  - xorg-libxdmcp=1.1.3=h7f98852_0
  - xz=5.2.6=h166bdaf_0
  - zipp=3.6.0=pyhd8ed1ab_0
  - zlib=1.2.12=h166bdaf_2
  - zstd=1.5.2=h6239696_4
  - pip:
    - importlib-resources==5.4.0
    - obonet==0.3.0
    - pyqt5-sip==4.19.18
    - pyqtchart==5.12
    - pyqtwebengine==5.12.1
    - tqdm==4.64.1
prefix: /cfs/earth/scratch/saxerja1/.conda/envs/text_gcn

